NOAA 19
1 33591U 09005A   24329.88726372  .00000435  00000-0  25674-3 0  9997
2 33591  99.0273  27.2372 0013604 195.3916 164.6844 14.13208506814066
NOAA 18
1 28654U 05018A   24329.84155358  .00000471  00000-0  27386-3 0  9999
2 28654  98.8627  45.3893 0013585 331.1063  28.9356 14.13429967  5877
METEOR-3M
1 27001U 01056A   24329.82316641  .00000064  00000-0  12756-3 0  9997
2 27001  99.7918 135.4130 0013251 210.0501 285.1616 13.68982289146986
EROS-B
1 29079U 06014A   24329.87202856  .00036827  00000-0  16193-2 0  9994
2 29079  97.3407  79.2018 0006036  24.3490 335.8030 15.21772984 31892
RADARSAT-2
1 32382U 07061A   24329.96480614  .00000248  00000-0  11293-3 0  9993
2 32382  98.5796 334.0325 0001141  89.8374 270.2939 14.29977548884604
RISAT 1
1 38248U 12017A   24329.87118411  .00024580  00000-0  81587-3 0  9998
2 38248  97.5131 348.5266 0003902  60.9475 299.2156 15.31217715694109
ALOS 2
1 39766U 14029A   24329.87348003  .00005392  00000-0  72831-3 0  9993
2 39766  97.9229  64.2138 0001458 101.0202 259.1173 14.79476969567401
COSMO-SKYMED 1
1 31598U 07023A   24329.87852781  .00001512  00000-0  19657-3 0  9994
2 31598  97.8866 150.7122 0001441  93.3915 266.7463 14.82140980944929
COSMO-SKYMED 2
1 32376U 07059A   24329.84473629  .00001447  00000-0  18813-3 0  9995
2 32376  97.8864 150.6727 0001482  82.2488 277.8894 14.82178653917669
COSMO-SKYMED 3
1 33412U 08054A   24329.84340759  .00009115  00000-0  72436-3 0  9991
2 33412  97.8677 168.1109 0020002  35.6051 324.6502 15.00528324871355
COSMO-SKYMED 4
1 37216U 10060A   24329.92491672  .00001429  00000-0  18598-3 0  9996
2 37216  97.8866 150.7594 0001511  84.5370 275.6015 14.82177251760244
KOMPSAT 2
1 29268U 06031A   24329.90854078  .00000901  00000-0  18039-3 0  9992
2 29268  97.8457 170.7300 0015967  79.7629  32.1233 14.63947455978157
KOMPSAT 3
1 38338U 12025B   24329.92154060  .00001695  00000-0  33627-3 0  9997
2 38338  98.2825 276.5756 0011419  95.6644 264.5860 14.63478803668161
KOMPSAT 5
1 39227U 13042A   24329.85444797  .00004739  00000-0  34218-3 0  9995
2 39227  97.6174 153.5183 0000912 299.9528  60.1608 15.04563777618259
TERRA SAR X
1 31698U 07026A   24329.49708394  .00004267  00000-0  20630-3 0  9999
2 31698  97.4450 334.3668 0001953  82.3916 277.7540 15.19145304966734
TANDEM X
1 36605U 10030A   24329.49708232  .00003775  00000-0  18289-3 0  9992
2 36605  97.4460 334.3673 0001963 103.0225 257.1229 15.19145319800154
PAZ
1 43215U 18020A   24329.93939231  .00005148  00000-0  24823-3 0  9995
2 43215  97.4452 334.5130 0001743  87.6316 272.5118 15.19141332374586
WORLDVIEW 1
1 32060U 07041A   24329.57658386  .00017289  00000-0  70679-3 0  9990
2 32060  97.3911  86.5652 0000525 132.7995 227.3286 15.24422251956157
WORLDVIEW 2
1 35946U 09055A   24329.84527272  .00000354  00000-0  13418-3 0  9995
2 35946  98.4916  40.2707 0005179 111.4975 248.6764 14.37018032793854
WORLDVIEW 3
1 40115U 14048A   24329.86919854  .00002929  00000-0  35242-3 0  9999
2 40115  97.8627  41.0033 0007300  58.4922 301.7004 14.84658704557417
IKONOS 2
1 25919U 99051A   24329.62744704  .00005268  00000-0  50202-3 0  9997
2 25919  98.2083 183.0341 0005294 291.2053  68.8599 14.93821571353771
METEOR-M
1 35865U 09049A   24329.90395440  .00000385  00000-0  19068-3 0  9996
2 35865  98.6578 288.2328 0002784 135.4470 224.6932 14.22882102788281
METEOR-M2
1 40069U 14037A   24329.91842281  .00000443  00000-0  22315-3 0  9996
2 40069  98.4504 317.0961 0004634 247.6366 112.4321 14.21144577538454
KANOPUS-V 1
1 38707U 12039A   24323.81578493  .08695980  26821-5  76758-3 0  9994
2 38707  97.4797 272.4019 0006631 150.5746 270.1213 16.39248839685412
RESURS P1
1 39186U 13030A   24322.87932346  .19438957  23624-5  15676-3 0  9995
2 39186  96.9560  16.4419 0007950 262.9077 216.9341 16.52387254639808
RESURS P2
1 40360U 14087A   24329.91651200  .00125888  00000-0  63323-3 0  9999
2 40360  97.1384  59.3722 0003309  51.5655 308.5911 15.81333248554714
RESURS-P3
1 41386U 16016A   23290.28553760  .00089823  00000-0  42039-3 0  9999
2 41386  97.1662  22.2995 0002936  32.3604 327.7846 15.82992239426089
BKA 2
1 38708U 12039B   24291.25338330  .17019731  26811-5  29005-3 0  9997
2 38708  97.2045 196.3251 0003310 233.3532 256.6219 16.48098683680536
GP-02
1 43943U 19005B   24329.92212567  .00010391  00000-0  57564-3 0  9996
2 43943  97.4872  61.3392 0002392 249.1348 110.9627 15.13996338322835
GP-01
1 43946U 19005E   24329.91992809  .00011628  00000-0  59713-3 0  9994
2 43946  97.4871  61.4586 0013036 106.3037 253.9631 15.16587116322767
GF-2A
1 44777U 19075A   24329.90607259  .00016984  00000-0  75727-3 0  9998
2 44777  97.5597  35.1409 0008583 302.3186  57.7218 15.21449837277811
GF-2B
1 44836U 19086A   24329.91030832  .00016225  00000-0  75912-3 0  9998
2 44836  97.5585  35.5314 0008517 291.5465  68.4861 15.19802962274201
KF-01
1 45016U 20003A   24329.86226010  .00011152  00000-0  59732-3 0  9995
2 45016  97.5652  41.6294 0010544 289.7733  70.2362 15.15137229269363
PLEIADES-1
1 38012U 11076F   24329.88406590  .00001164  00000-0  26017-3 0  9990
2 38012  98.1901  42.1857 0001514  97.6488  37.4949 14.58553046689004
PLEIADES 1B
1 39019U 12068A   24329.89230631  .00001151  00000-0  25728-3 0  9996
2 39019  98.1822  42.0674 0001307  94.4702 265.6646 14.58554250637868
SPOT 6
1 38755U 12047A   24329.87442497  .00001135  00000-0  25407-3 0  9998
2 38755  98.2050  34.6687 0001187  81.4549 278.6785 14.58528258650064
KAZEOSAT 1
1 39731U 14024A   24329.84559704  .00000665  00000-0  21606-3 0  9991
2 39731  98.3821  43.5459 0001037  79.5263 280.6043 14.42000449556501
KAZEOSAT 2
1 40010U 14033A   24329.92377460  .00001641  00000-0  20489-3 0  9992
2 40010  97.5945 187.2641 0011037  47.8933 312.3218 14.83605118564485
SPOT 7
1 40053U 14034A   24329.87993255  .00001460  00000-0  31408-3 0  9992
2 40053  98.1404  33.8610 0001158 104.4337 255.6992 14.59956488554032
TERRA
1 25994U 99068A   24329.94904372  .00001270  00000-0  27249-3 0  9996
2 25994  98.0289  28.5878 0001803 186.6678 298.1234 14.60252756326502
AQUA
1 27424U 02022A   24329.89848279  .00003037  00000-0  63723-3 0  9997
2 27424  98.3512 280.1326 0001249  39.4938  19.7071 14.60388067200126
NPP
1 37849U 11061A   24329.88805214  .00000279  00000-0  15302-3 0  9998
2 37849  98.7379 265.5413 0001917 117.2997 242.8374 14.19503453677674
JPSS-1
1 43013U 17073A   24329.90489333  .00000279  00000-0  15289-3 0  9994
2 43013  98.7220 265.2167 0002312  96.3424 263.8016 14.19573361363701
JPSS-2
1 54234U 22150A   24329.87217831  .00000325  00000-0  17468-3 0  9994
2 54234  98.7073 265.7992 0002173  56.9715 303.1670 14.19553724105771
GP-02
1 43943U 19005B   24329.92212567  .00010391  00000-0  57564-3 0  9996
2 43943  97.4872  61.3392 0002392 249.1348 110.9627 15.13996338322835
GP-01
1 43946U 19005E   24329.91992809  .00011628  00000-0  59713-3 0  9994
2 43946  97.4871  61.4586 0013036 106.3037 253.9631 15.16587116322767
GF-2A
1 44777U 19075A   24329.90607259  .00016984  00000-0  75727-3 0  9998
2 44777  97.5597  35.1409 0008583 302.3186  57.7218 15.21449837277811
GF-2B
1 44836U 19086A   24329.91030832  .00016225  00000-0  75912-3 0  9998
2 44836  97.5585  35.5314 0008517 291.5465  68.4861 15.19802962274201
KF-01
1 45016U 20003A   24329.86226010  .00011152  00000-0  59732-3 0  9995
2 45016  97.5652  41.6294 0010544 289.7733  70.2362 15.15137229269363
METOP-A
1 29499U 06044A   24329.88308206  .00004395  00000-0  53644-3 0  9998
2 29499  98.3446  49.2607 0184660  80.5125 345.7349 14.72433350941565
METOP-B
1 38771U 12049A   24329.86843635  .00000362  00000-0  18487-3 0  9997
2 38771  98.6077  23.3218 0001008  78.9368 281.1923 14.21592455632380
METOP-C
1 43689U 18087A   24329.90915350  .00000364  00000-0  18633-3 0  9993
2 43689  98.7041  27.1407 0001372  35.2426 324.8841 14.21482312313956
SENTINEL 1A
1 39634U 14016A   24329.88200146  .00000615  00000-0  14022-3 0  9990
2 39634  98.1813 334.6671 0001272  89.8410 270.2936 14.59199402566997
SENTINEL 1B
1 41456U 16025A   24329.92520420  .00006897  00000-0  65339-3 0  9997
2 41456  98.1701 356.9613 0016692 214.7948 145.2181 14.93844855458617
SENTINEL 2A
1 40697U 15028A   24329.87183315  .00000417  00000-0  17560-3 0  9992
2 40697  98.5712  41.8222 0000971  94.2508 265.8786 14.30822418492318
SENTINEL 2B
1 42063U 17013A   24329.90682568  .00000416  00000-0  17529-3 0  9999
2 42063  98.5733  41.8507 0001081  93.1195 267.0111 14.30813422403233
SENTINEL 3A
1 41335U 16011A   24329.90207158  .00000382  00000-0  17600-3 0  9997
2 41335  98.6225  34.3812 0001044  86.5944 273.5355 14.26741842456886
ZORKIY
1 57194U 23091AE  24329.90410782  .00017069  00000-0  95135-3 0  9991
2 57194  97.5908  21.0320 0014645 293.3036  66.6653 15.13573035 77762
SIRIUS
1 47951U 21022V   24329.89850758  .00061770  00000-0  15186-2 0  9997
2 47951  97.4401 229.0644 0007380 300.8760  59.1760 15.40398200203175
Zorkiy_2M
1 59062U 24039M   24329.90081466  .00070040  00000-0  14770-2 0  9996
2 59062  97.4075 292.4941 0013252  25.1273 335.0618 15.44893557 41259
A-SEANSAT-PG1
1 57197U 23091AH  24329.88263213  .00019134  00000-0  98466-3 0  9991
2 57197  97.5912  22.4517 0009985 281.1623  78.8487 15.16430633 77850
FENGYUN 3A
1 32958U 08026A   24329.92031731  .00000447  00000-0  23320-3 0  9997
2 32958  98.6247 272.5417 0008318 336.3789  23.7005 14.19287858854649
FENGYUN 3B
1 37214U 10059A   24329.91973588  .00000275  00000-0  16656-3 0  9993
2 37214  99.0399   0.1528 0022122   1.1123  97.6488 14.14627261726934
FENGYUN 3C
1 39260U 13052A   24329.96113976  .00000312  00000-0  17756-3 0  9998
2 39260  98.4393 321.1373 0010286 218.9047 141.1388 14.16350227578025
FENGYUN-3D
1 43010U 17072A   24329.88415175  .00000330  00000-0  17834-3 0  9996
2 43010  98.9343 285.6563 0000713 201.1978 158.9168 14.19503883364216
FENGYUN-3E
1 49008U 21062A   24329.95519867  .00000117  00000-0  75968-4 0  9990
2 49008  98.7385 329.1336 0000693 323.7668  36.3461 14.19816643175800
FENGYUN-3F
1 57490U 23111A   24329.75804278  .00000248  00000+0  13739-3 0  9993
2 57490  98.7534  37.2792 0001131  50.5606 309.5670 14.19943178 68057
LANDSAT 8
1 39084U 13008A   24329.75502839  .00001063  00000+0  24602-3 0  9991
2 39084  98.2127  37.2822 0001265  82.4765 277.6577 14.57100465626799
TY-39
1 51832U 22019J   24329.80455224  .00005443  00000+0  28270-3 0  9990
2 51832  97.4166  35.1540 0010547  63.2435 296.9876 15.16463244151383
TY-40
1 56846U 23081A   24329.74918368  .00005852  00000+0  28141-3 0  9997
2 56846  97.4119  39.3192 0001637  90.1812 269.9611 15.19179026 81483
TY-41
1 61231U 24173E   24329.80344039  .00004776  00000+0  23027-3 0  9991
2 61231  97.4122  41.6583 0001738  87.5563 272.5870 15.19175604  9313
TM-0101
1 55137U 23003E   24329.78783307  .00018525  00000+0  59872-3 0  9996
2 55137  97.2141  42.2986 0005419  36.7470 323.4143 15.32122432104453
TM-0102
1 55135U 23003C   24329.81906572  .00020565  00000+0  66373-3 0  9990
2 55135  97.2202  42.7926 0005287  54.3387 305.8347 15.32146011104464
TM-0103
1 55976U 23039D   24329.74975314  .00018195  00000+0  65919-3 0  9995
2 55976  97.4805 120.1485 0004621   1.0899 359.0350 15.28424594 93313
TM-0104
1 55974U 23039B   24329.72737338  .00018078  00000+0  65700-3 0  9991
2 55974  97.4744 119.5258 0005176 338.9916  21.1110 15.28320576 93317
TM-0105
1 55973U 23039A   24329.75584593  .00018101  00000+0  66082-3 0  9997
2 55973  97.4818 120.1292 0004241 344.5575  15.5535 15.28175150 93325
TM-0106
1 55975U 23039C   24329.78873655  .00018088  00000+0  66045-3 0  9995
2 55975  97.4790 119.9884 0004184   4.1702 355.9572 15.28169781 93310
TM-0107
1 57400U 23101B   24329.75387214  .00011672  00000+0  52959-3 0  9999
2 57400  97.3417  22.4378 0006755   5.6101 354.5209 15.20944582 74796
TM-0108
1 57399U 23101A   24329.78574325  .00011389  00000+0  51747-3 0  9999
2 57399  97.3426  22.6161 0004447   6.7155 353.4139 15.20913359 74802
TM-0109
1 57401U 23101C   24329.80310228  .00011220  00000+0  50997-3 0  9996
2 57401  97.3371  22.2324 0006433   3.3154 356.8123 15.20895810 74802
TM-0110
1 57402U 23101D   24329.77051360  .00012488  00000+0  56676-3 0  9999
2 57402  97.3451  22.6428 0008475 357.7206   2.3989 15.20906966 74799
TM-0111
1 58645U 23205A   24329.78136939  .00009391  00000+0  45866-3 0  9999
2 58645  97.3918 350.9635 0010047 196.8392 163.2510 15.18430298 50855
TM-0112
1 58648U 23205D   24329.81475097  .00010941  00000+0  53442-3 0  9999
2 58648  97.3859 350.6583 0009774 172.3873 187.7512 15.18386875 50842
TM-0113
1 58647U 23205C   24329.76494505  .00010279  00000+0  50232-3 0  9995
2 58647  97.3932 350.9016 0009298 168.1621 191.9833 15.18389623 50838
TM-0114
1 58646U 23205B   24329.79789884  .00010431  00000+0  50997-3 0  9992
2 58646  97.3906 350.8778 0008271 186.8573 173.2549 15.18377828 50847
TM-0115
1 58703U 24004D   24329.76038362  .00011039  00000+0  53945-3 0  9990
2 58703  97.4595 148.3523 0006726 187.2534 172.8604 15.18392391 49105
TM-0116
1 58701U 24004B   24329.79167343  .00012094  00000+0  59172-3 0  9993
2 58701  97.4534 148.0598 0008527 202.5782 157.5078 15.18314532 49119
TM-0117
1 58700U 24004A   24329.81055820  .00011047  00000+0  53970-3 0  9998
2 58700  97.4605 148.3464 0008417 199.3447 160.7469 15.18390909 49113
TM-0118
1 58702U 24004C   24329.77765372  .00011895  00000+0  58098-3 0  9992
2 58702  97.4577 148.2620 0006936 196.4358 163.6652 15.18389869 49107
TM-0119
1 58663U 23208D   24329.73850528  .00013423  00000+0  63858-3 0  9996
2 58663  97.4187  78.6806 0004877 178.0930 182.0324 15.19286193 50511
TM-0120
1 58661U 23208B   24329.76428478  .00014114  00000+0  65189-3 0  9999
2 58661  97.4130  78.6944 0009415 169.9063 190.2363 15.20268087 50539
TM-0121
1 58660U 23208A   24329.80315904  .00014450  00000+0  69183-3 0  9993
2 58660  97.4195  78.6570 0006819 157.7108 202.4425 15.19038421 50512
TM-0122
1 58662U 23208C   24329.77682132  .00015752  00000+0  69997-3 0  9990
2 58662  97.4169  79.3034 0009002 169.5800 190.5624 15.21574354 50561
SITRO-AIS-5
1 57176U 23091L   24329.77951180  .00016452  00000+0  91513-3 0  9998
2 57176  97.5910  20.9130 0014923 293.3378  66.6282 15.13648769 77743
SITRO-AIS-6
1 57192U 23091AC  24329.76016504  .00016774  00000+0  93254-3 0  9998
2 57192  97.5912  20.9246 0014722 293.1872  66.7808 15.13666919 77747
SITRO-AIS-7
1 57194U 23091AE  24329.77188648  .00016439  00000+0  91660-3 0  9997
2 57194  97.5908  20.9004 0014657 293.8046  66.1648 15.13567891 77748
SITRO-AIS-8
1 57193U 23091AD  24329.80866539  .00017745  00000+0  96618-3 0  9991
2 57193  97.5910  21.1559 0014222 293.9257  66.0484 15.14403489 77763
SITRO-AIS-9
1 57201U 23091AM  24329.76425739  .00019537  00000+0  99821-3 0  9999
2 57201  97.5920  22.5055 0009733 279.5957  80.4176 15.16680401 77848
SITRO-AIS-10
1 57199U 23091AK  24329.76247087  .00019896  00000+0  10145-2 0  9992
2 57199  97.5926  22.5413 0009756 279.5875  80.4255 15.16747528 77844
SITRO-AIS-11
1 57208U 23091AU  24329.81189622  .00019278  00000+0  97552-3 0  9991
2 57208  97.5927  22.7963 0009400 273.2385  86.7773 15.17025289 77861
SITRO-AIS-12
1 57204U 23091AQ  24329.77207274  .00020075  00000+0  10197-2 0  9992
2 57204  97.5928  22.7109 0009683 272.7403  87.2721 15.16881173 77857
SITRO-AIS-25
1 59066U 24039R   24329.79494576  .00007421  00000+0  66434-3 0  9994
2 59066  95.3878 206.2643 0164285 148.6704 212.4435 14.86132659 39937
SITRO-AIS-26
1 59067U 24039S   24329.80220386  .00008039  00000+0  72143-3 0  9993
2 59067  95.3878 206.2569 0164462 148.7321 212.3812 14.86008393 39933
SITRO-AIS-27
1 59068U 24039T   24329.77013127  .00007378  00000+0  65869-3 0  9995
2 59068  95.3882 206.2925 0163851 148.4749 212.6419 14.86280292 39933
SITRO-AIS-28
1 59071U 24039U   24329.76262718  .00007859  00000+0  70091-3 0  9997
2 59071  95.3884 206.3023 0163672 148.4518 212.6645 14.86326703 39933
SITRO-AIS-29
1 59052U 24039B   24329.84896165  .00068808  00000+0  14786-2 0  9993
2 59052  97.4073 292.2601 0013844  22.9248 337.2615 15.44334085 41236
SITRO-AIS-30
1 59053U 24039C   24329.80501440  .00068681  00000+0  14990-2 0  9995
2 59053  97.4075 292.1604 0014146  23.2224 336.9660 15.43869275 41212
SITRO-AIS-31
1 59054U 24039D   24329.83959360  .00069548  00000+0  14981-2 0  9990
2 59054  97.4075 292.2671 0013913  23.3576 336.8301 15.44258810 41242
SITRO-AIS-32
1 59057U 24039G   24329.83910430  .00066678  00000+0  14448-2 0  9997
2 59057  97.4080 292.2808 0013834  24.8387 335.3525 15.44097089 41231
SITRO-AIS-33
1 59055U 24039E   24329.81897637  .00070655  00000+0  15158-2 0  9995
2 59055  97.4075 292.3067 0013666  24.7781 335.4121 15.44377201 41231
SITRO-AIS-34
1 59058U 24039H   24329.81835020  .00065941  00000+0  14159-2 0  9998
2 59058  97.4075 292.3094 0013600  24.6614 335.5282 15.44372736 41233
SITRO-AIS-35
1 59056U 24039F   24329.81332281  .00069313  00000+0  14845-2 0  9996
2 59056  97.4075 292.3091 0013535  25.3580 334.8329 15.44435000 41233
SITRO-AIS-36
1 59059U 24039J   24329.79918805  .00070513  00000+0  15062-2 0  9994
2 59059  97.4076 292.3290 0013532  25.0988 335.0915 15.44508202 41233
SITRO-AIS-49
1 59060U 24039K   24329.81328637  .00066573  00000+0  14364-2 0  9992
2 59060  97.4080 292.3135 0013485  24.6756 335.5134 15.44228379 41235
SITRO-AIS-50
1 59061U 24039L   24329.83750961  .00069855  00000+0  14766-2 0  9996
2 59061  97.4077 292.4279 0013363  24.5963 335.5920 15.44822535 41244
SITRO-AIS-51
1 59062U 24039M   24329.83604272  .00070932  00000+0  14961-2 0  9995
2 59062  97.4075 292.4281 0013274  25.2404 334.9491 15.44883860 41249
SITRO-AIS-52
1 59063U 24039N   24329.81847897  .00071044  00000+0  14947-2 0  9995
2 59063  97.4075 292.4562 0013144  25.5118 334.6776 15.44959122 41241
GF-3
1 40118U 14049A   24329.79058854  .00002858  00000+0  38128-3 0  9995
2 40118  98.0912  21.1747 0005175 251.8994 108.1654 14.80396559554990
GF-3-02
1 49495U 21109A   24329.80197610  .00000254  00000+0  90282-4 0  9991
2 49495  98.4136 334.8901 0000946 256.2032 103.9052 14.42211028158246
GF-3-03
1 52200U 22035A   24329.77496400  .00000242  00000+0  86562-4 0  9996
2 52200  98.4126 335.4686 0001558  95.4969 264.6398 14.42218412138781
XKeji-1
1 55134U 23003B   24329.78149018  .01426087  10519-2  35727-2 0  9996
2 55134  97.2022  50.2884 0009297 312.2280  47.8207 15.95878593104962
XIGUANG-2
1 57585U 23117F   24329.81275311  .00019022  00000+0  80727-3 0  9992
2 57585  97.4731  40.6935 0010752  94.6780 265.5685 15.23086370 71582
Smartsat-X1
1 58922U 24024F   24329.82121171  .00020975  00000+0  10503-2 0  9994
2 58922  97.3710  41.9816 0006219 354.8700   5.2469 15.17394676 44978
SV_Neo_301
1 59510U 24072A   24329.78470327  .00024073  00000+0  10319-2 0  9994
2 59510  97.4695  43.9440 0000537 324.2386  35.8815 15.22750075 34022
WH02
1 58925U 24024J   24329.80077123  .00025149  00000+0  89313-3 0  9996
2 58925  97.3757  42.2205 0009395 341.8590  18.2314 15.28978281 81683
ZORKIY-2M-2
1 59064U 24039P   24329.84167022  .00039009  00000+0  10422-2 0  9993
2 59064  97.4093 291.6708 0014666  19.4685 340.7116 15.37878844 41201
ZORKIY-2M-4
1 59775U 24092C   24329.77457487  .00015514  00000+0  84496-3 0  9998
2 59775  97.6145  80.9551 0012094  11.8232 348.3281 15.14447504 28956
ZORKIY-2M-6
1 59774U 24092B   24329.80209533  .00015617  00000+0  85808-3 0  9990
2 59774  97.6016  80.5907 0011955   8.1506 351.9918 15.14133855 28948
StilSat-1
1 51824U 22019A   24329.78962503  .00032687  00000+0  98048-3 0  9991
2 51824  97.4146  41.5823 0013085  31.6944 328.5084 15.34318268151828
AS-01
1 57425U 23104B   24329.76526244  .00028043  00000+0  75075-3 0  9992
2 57425  97.3370  36.6982 0010543 346.8219  13.2749 15.37938008 74982
KHAYYAM
1 53370U 22096A   24329.87364528  .00014399  00000-0  56344-3 0  9991
2 53370  97.3789 232.5739 0002197  97.2489 262.8999 15.25927855127826
KHAYYAM
1 53370U 22096A   24329.80806913  .00014685  00000+0  57456-3 0  9995
2 53370  97.3788 232.5091 0002196  97.3027 262.8461 15.25926484127814
Smartsat-X1
1 58922U 24024F   24329.82121171  .00020975  00000+0  10503-2 0  9994
2 58922  97.3710  41.9816 0006219 354.8700   5.2469 15.17394676 44978
SV_Neo_301
1 59510U 24072A   24329.78470327  .00024073  00000+0  10319-2 0  9994
2 59510  97.4695  43.9440 0000537 324.2386  35.8815 15.22750075 34022